2018-11-18 12:44:44,034-main--INFO -root      :
11.0 11.0 11.0 
12.0 12.0 12.0 
13.0 13.0 13.0 
2018-11-18 12:44:44,034-main--INFO -root      :
-143.864 -143.864 -143.864 -143.864 
16.793 16.793 16.793 16.793 
90.785 90.785 90.785 90.785 
-90.223 -90.223 -90.223 -90.223 
2018-11-18 12:44:44,034-main--INFO -root      :
-54.89 132.908 -148.667 -68.262 6.646 
-135.414 59.042 -83.005 146.986 113.286 
84.501 -126.8 89.868 70.563 124.744 
6.646 -67.117 -136.733 -95.009 -119.006 
85.007 -129.806 113.932 -146.449 101.096 
2018-11-18 12:44:44,052-main--INFO -root      :Average arithmetic:-7.037319999999999
2018-11-18 12:44:44,053-main--INFO -root      :Average geometric:81.44775262711535
2018-11-18 12:44:44,055-main--INFO -root      :Max value:146.986
2018-11-18 12:44:44,055-main--INFO -root      :Min value:-148.667
2018-11-18 12:44:44,056-main--INFO -root      :Local max pos:
2018-11-18 12:44:44,057-main--INFO -root      :0
2018-11-18 12:44:44,057-main--INFO -root      :1
2018-11-18 12:44:44,057-main--INFO -root      :Local min pos:
2018-11-18 12:44:44,057-main--INFO -root      :0
2018-11-18 12:44:44,057-main--INFO -root      :2
2018-11-18 12:44:44,059-main--INFO -root      :
-54.89 -135.414 84.501 6.646 85.007 
132.908 59.042 -126.8 -67.117 -129.806 
-148.667 -83.005 89.868 -136.733 113.932 
-68.262 146.986 70.563 -95.009 -146.449 
6.646 113.286 124.744 -119.006 101.096 
